{"nbformat":4,"nbformat_minor":0,"metadata":{"colab":{"provenance":[],"authorship_tag":"ABX9TyNeE5jX2uNJ2QfA0CNQGMUE"},"kernelspec":{"name":"python3","display_name":"Python 3"},"language_info":{"name":"python"}},"cells":[{"cell_type":"markdown","source":["# Validación de Ortogonalidad"],"metadata":{"id":"eoEo_5T1l8gN"}},{"cell_type":"code","source":["import numpy as np\n","import pandas as pd\n","from sklearn.preprocessing import StandardScaler\n","from sklearn.datasets import load_breast_cancer"],"metadata":{"id":"oimI7IFPkuri"},"execution_count":null,"outputs":[]},{"cell_type":"markdown","source":["## Sección 1: Simular variables (para un ejemplo ejecutable)"],"metadata":{"id":"o5OJk8k3lP2J"}},{"cell_type":"markdown","source":["A diferencia del Notebook anterior, ya tienes cov_matrix de tus datos (X_std). Aquí creamos una matriz de covarianza simulada 30x30"],"metadata":{"id":"xD6mVfAXlpXA"}},{"cell_type":"code","source":["np.random.seed(42)\n","simulated_data = np.random.rand(100, 30)"],"metadata":{"id":"VBLjhmV9kwiJ"},"execution_count":null,"outputs":[]},{"cell_type":"markdown","source":["También necesitamos los datos estandarizados para la parte 2"],"metadata":{"id":"GAbKG5G2l1R-"}},{"cell_type":"code","source":["scaler = StandardScaler()\n","X_std = scaler.fit_transform(simulated_data)\n","\n","cov_matrix = np.cov(X_std, rowvar=False)\n","eigen_values, eigen_vectors = np.linalg.eig(cov_matrix)\n","print(\"Variables 'eigen_vectors' y 'eigen_values' listas.\\n\")"],"metadata":{"colab":{"base_uri":"https://localhost:8080/"},"id":"ut9kQcJulvx9","executionInfo":{"status":"ok","timestamp":1761114285702,"user_tz":300,"elapsed":6,"user":{"displayName":"Sergio Mora","userId":"02742930081149319249"}},"outputId":"d29dace1-5ac4-473b-c775-c51a9dbb656d"},"execution_count":null,"outputs":[{"output_type":"stream","name":"stdout","text":["Variables 'eigen_vectors' y 'eigen_values' listas.\n","\n"]}]},{"cell_type":"markdown","source":["### 1. Validación de Ortogonalidad (Producto Punto de Vectores Propios)"],"metadata":{"id":"giihiPc8mHDN"}},{"cell_type":"markdown","source":["Extraemos los dos primeros vectores propios (Componentes Principales).\n","\n","**Nota:** `np.linalg.eig` devuelve los vectores como COLUMNAS\n"],"metadata":{"id":"fo-PjPHemX_u"}},{"cell_type":"code","source":["pc1_vector = eigen_vectors[:, 0]\n","pc2_vector = eigen_vectors[:, 1]"],"metadata":{"id":"byHGAvpImhK4"},"execution_count":null,"outputs":[]},{"cell_type":"markdown","source":["#### 1.1. Validar Ortogonalidad:"],"metadata":{"id":"ixpNVrh7mkw9"}},{"cell_type":"markdown","source":["El producto punto entre dos vectores propios DIFERENTES debe ser 0"],"metadata":{"id":"rrtorRGWmpvs"}},{"cell_type":"code","source":["dot_product_1_2 = np.dot(pc1_vector, pc2_vector)\n","print(f\"Producto punto entre PC1 y PC2: {dot_product_1_2}\")"],"metadata":{"colab":{"base_uri":"https://localhost:8080/"},"id":"doxfJa11k06l","executionInfo":{"status":"ok","timestamp":1761114513539,"user_tz":300,"elapsed":7,"user":{"displayName":"Sergio Mora","userId":"02742930081149319249"}},"outputId":"a1d05c11-8474-4648-8995-f2b59e50f516"},"execution_count":null,"outputs":[{"output_type":"stream","name":"stdout","text":["Producto punto entre PC1 y PC2: 1.3877787807814457e-17\n"]}]},{"cell_type":"markdown","source":["#### 1.2. Validar Normalidad (Ortonormalidad):"],"metadata":{"id":"LL_BH1w7mxLf"}},{"cell_type":"markdown","source":["El producto punto de un vector consigo mismo debe ser 1 (porque son vectores unitarios)"],"metadata":{"id":"L20fihiVm40a"}},{"cell_type":"code","source":["dot_product_1_1 = np.dot(pc1_vector, pc1_vector)\n","print(f\"Producto punto entre PC1 y PC1: {dot_product_1_1}\")\n","\n","print(\"\\nExplicación (Producto Punto):\")\n","print(f\"El producto punto entre PC1 y PC2 es un número muy cercano a 0 (ej: {dot_product_1_2:.2e}).\")\n","print(\"No es exactamente 0 debido a la precisión de punto flotante de la computadora.\")\n","print(f\"El producto punto de PC1 consigo mismo es {dot_product_1_1:.1f}, lo que confirma que es un vector unitario.\")\n"],"metadata":{"colab":{"base_uri":"https://localhost:8080/"},"id":"6wtX6vfomu8u","executionInfo":{"status":"ok","timestamp":1761114615303,"user_tz":300,"elapsed":3,"user":{"displayName":"Sergio Mora","userId":"02742930081149319249"}},"outputId":"3cf0654f-d47b-4016-f12b-0a4e300155ea"},"execution_count":null,"outputs":[{"output_type":"stream","name":"stdout","text":["Producto punto entre PC1 y PC1: 1.0\n","\n","Explicación (Producto Punto):\n","El producto punto entre PC1 y PC2 es un número muy cercano a 0 (ej: 1.39e-17).\n","No es exactamente 0 debido a la precisión de punto flotante de la computadora.\n","El producto punto de PC1 consigo mismo es 1.0, lo que confirma que es un vector unitario.\n"]}]},{"cell_type":"markdown","source":["Prueba de cercanía a cero"],"metadata":{"id":"3HqBmsNBnEF_"}},{"cell_type":"code","source":["is_orthogonal = np.isclose(dot_product_1_2, 0)\n","print(f\"¿Son PC1 y PC2 ortogonales (matemáticamente)? {is_orthogonal}\")"],"metadata":{"colab":{"base_uri":"https://localhost:8080/"},"id":"Zna0wH5_nAV6","executionInfo":{"status":"ok","timestamp":1761114618608,"user_tz":300,"elapsed":3,"user":{"displayName":"Sergio Mora","userId":"02742930081149319249"}},"outputId":"3296c809-4d18-4a87-9386-48ebff670cb5"},"execution_count":null,"outputs":[{"output_type":"stream","name":"stdout","text":["¿Son PC1 y PC2 ortogonales (matemáticamente)? True\n"]}]},{"cell_type":"markdown","source":["### 2. Validación de Correlación (Datos Transformados)"],"metadata":{"id":"n787MKlAnOTC"}},{"cell_type":"markdown","source":["Transformamos los datos originales (`X_std`) usando TODOS los eigenvectors\n","$Z = X * W$ (donde $W$ es la matriz de eigenvectors)"],"metadata":{"id":"lCRkGj3gnS7a"}},{"cell_type":"code","source":["Z_pca = X_std.dot(eigen_vectors)"],"metadata":{"id":"FrbFiO3JnNeh"},"execution_count":null,"outputs":[]},{"cell_type":"markdown","source":["Creamos un DataFrame de pandas para calcular la correlación fácilmente y nombramos las columnas PC_1, PC_2, etc."],"metadata":{"id":"CZJYLJ-anfN6"}},{"cell_type":"code","source":["pc_columns = [f'PC_{i+1}' for i in range(eigen_vectors.shape[1])]\n","pca_df = pd.DataFrame(Z_pca, columns=pc_columns)"],"metadata":{"id":"XrKnkzBMk5Mw"},"execution_count":null,"outputs":[]},{"cell_type":"markdown","source":["Calculamos la matriz de correlación"],"metadata":{"id":"yL4fs6Ahnrt-"}},{"cell_type":"code","source":["corr_matrix = pca_df.corr()"],"metadata":{"id":"NpV2wJwAntnq"},"execution_count":null,"outputs":[]},{"cell_type":"markdown","source":["Mostramos solo los primeros 5x5 para que sea legible"],"metadata":{"id":"ihLNzsa1n2J8"}},{"cell_type":"code","source":["print(\"Matriz de Correlación de los Componentes Principales (primeros 5):\")\n","print(corr_matrix.iloc[:5, :5].to_string(float_format=\"%.2e\"))"],"metadata":{"colab":{"base_uri":"https://localhost:8080/"},"id":"p-UlV1TznqHJ","executionInfo":{"status":"ok","timestamp":1761114819940,"user_tz":300,"elapsed":17,"user":{"displayName":"Sergio Mora","userId":"02742930081149319249"}},"outputId":"a0201efb-7056-4e87-8aa0-8890ba6c6e30"},"execution_count":null,"outputs":[{"output_type":"stream","name":"stdout","text":["Matriz de Correlación de los Componentes Principales (primeros 5):\n","          PC_1      PC_2      PC_3      PC_4      PC_5\n","PC_1  1.00e+00 -2.48e-17  6.93e-16  6.74e-16 -9.37e-16\n","PC_2 -2.48e-17  1.00e+00 -2.29e-15 -7.91e-16  1.50e-16\n","PC_3  6.93e-16 -2.29e-15  1.00e+00 -4.24e-15 -2.50e-15\n","PC_4  6.74e-16 -7.91e-16 -4.24e-15  1.00e+00 -3.55e-16\n","PC_5 -9.37e-16  1.50e-16 -2.50e-15 -3.55e-16  1.00e+00\n"]}]},{"cell_type":"markdown","source":["**Explicación (Correlación):**\n","\n","Como puedes ver, la diagonal es 1 (cada componente correlaciona 100% consigo mismo). Así mismo, todos los demás valores (fuera de la diagonal) son 0 o muy cercanos a 0 (ej: -3.85e-17). Esto confirma que los nuevos componentes están DESCORRELACIONADOS (que es el objetivo del PCA).\n"],"metadata":{"id":"lR0rdFMqoNbQ"}},{"cell_type":"markdown","source":["## Sección 2: Validación con el dataset Breast Cancer"],"metadata":{"id":"WFfJBPx9ooN5"}},{"cell_type":"markdown","source":["Cargamos y preparamos los datos reales"],"metadata":{"id":"elnefEKLovpc"}},{"cell_type":"code","source":["cancer = load_breast_cancer()\n","data_cancer = cancer.data"],"metadata":{"id":"OqGIHXYtox4C","executionInfo":{"status":"ok","timestamp":1761115060047,"user_tz":300,"elapsed":12,"user":{"displayName":"Sergio Mora","userId":"02742930081149319249"}}},"execution_count":26,"outputs":[]},{"cell_type":"markdown","source":["Estandarizamos los datos"],"metadata":{"id":"dqBtvkBto70B"}},{"cell_type":"code","source":["scaler_cancer = StandardScaler()\n","X_std_cancer = scaler_cancer.fit_transform(data_cancer)"],"metadata":{"id":"uPFza4yao1IR"},"execution_count":null,"outputs":[]},{"cell_type":"markdown","source":["Calculamos la matriz de covarianza y los eigen-vectores/valores"],"metadata":{"id":"iO4SZws9o_UR"}},{"cell_type":"code","source":["cov_matrix_cancer = np.cov(X_std_cancer, rowvar=False)\n","eigen_values_cancer, eigen_vectors_cancer = np.linalg.eig(cov_matrix_cancer)"],"metadata":{"id":"zbi64ArIlAQO","executionInfo":{"status":"ok","timestamp":1761115125079,"user_tz":300,"elapsed":30,"user":{"displayName":"Sergio Mora","userId":"02742930081149319249"}}},"execution_count":28,"outputs":[]},{"cell_type":"markdown","source":["### 1. Validación de Ortogonalidad (Producto Punto) - CÁNCER\n","\n","Extraemos los dos primeros vectores propios"],"metadata":{"id":"7yBx7-qdpJkE"}},{"cell_type":"code","source":["pc1_vector_cancer = eigen_vectors_cancer[:, 0]\n","pc2_vector_cancer = eigen_vectors_cancer[:, 1]"],"metadata":{"id":"ddPcC_lvpO--","executionInfo":{"status":"ok","timestamp":1761115174812,"user_tz":300,"elapsed":17,"user":{"displayName":"Sergio Mora","userId":"02742930081149319249"}}},"execution_count":29,"outputs":[]},{"cell_type":"markdown","source":["#### 1.1. Validar Ortogonalidad:"],"metadata":{"id":"v5FuXFiypRLR"}},{"cell_type":"code","source":["dot_product_1_2_cancer = np.dot(pc1_vector_cancer, pc2_vector_cancer)\n","print(f\"Producto punto entre PC1 y PC2: {dot_product_1_2_cancer}\")"],"metadata":{"colab":{"base_uri":"https://localhost:8080/"},"id":"7SzYLawWpUQj","executionInfo":{"status":"ok","timestamp":1761115201267,"user_tz":300,"elapsed":7,"user":{"displayName":"Sergio Mora","userId":"02742930081149319249"}},"outputId":"6205d4b6-8886-4380-9a9c-b4a5f48ef942"},"execution_count":30,"outputs":[{"output_type":"stream","name":"stdout","text":["Producto punto entre PC1 y PC2: 2.949029909160572e-16\n"]}]},{"cell_type":"markdown","source":["#### 1.2. Validar Normalidad (Ortonormalidad):"],"metadata":{"id":"MyA0bRp7pYO5"}},{"cell_type":"code","source":["dot_product_1_1_cancer = np.dot(pc1_vector_cancer, pc1_vector_cancer)\n","print(f\"Producto punto entre PC1 y PC1: {dot_product_1_1_cancer}\")"],"metadata":{"colab":{"base_uri":"https://localhost:8080/"},"id":"_Eghy2FWpa3z","executionInfo":{"status":"ok","timestamp":1761115223207,"user_tz":300,"elapsed":45,"user":{"displayName":"Sergio Mora","userId":"02742930081149319249"}},"outputId":"6189a152-5cbb-4564-ac07-2d3ba084b5ef"},"execution_count":31,"outputs":[{"output_type":"stream","name":"stdout","text":["Producto punto entre PC1 y PC1: 1.0\n"]}]},{"cell_type":"code","source":["print(\"\\nExplicación (Producto Punto):\")\n","print(f\"El producto punto entre PC1 y PC2 es {dot_product_1_2_cancer:.2e} (cercano a 0).\")\n","print(f\"El producto punto de PC1 consigo mismo es {dot_product_1_1_cancer:.1f} (cercano a 1).\")"],"metadata":{"colab":{"base_uri":"https://localhost:8080/"},"id":"p84LvkNUpfIn","executionInfo":{"status":"ok","timestamp":1761115241507,"user_tz":300,"elapsed":6,"user":{"displayName":"Sergio Mora","userId":"02742930081149319249"}},"outputId":"07de6075-01be-41f1-a3e7-3ce0f952ff04"},"execution_count":32,"outputs":[{"output_type":"stream","name":"stdout","text":["\n","Explicación (Producto Punto):\n","El producto punto entre PC1 y PC2 es 2.95e-16 (cercano a 0).\n","El producto punto de PC1 consigo mismo es 1.0 (cercano a 1).\n"]}]},{"cell_type":"markdown","source":["Prueba de cercanía a cero"],"metadata":{"id":"UxC0sjmYpjQr"}},{"cell_type":"code","source":["is_orthogonal_cancer = np.isclose(dot_product_1_2_cancer, 0)\n","print(f\"¿Son PC1 y PC2 ortogonales (matemáticamente)? {is_orthogonal_cancer}\")"],"metadata":{"colab":{"base_uri":"https://localhost:8080/"},"id":"0MgmWQ1RpltQ","executionInfo":{"status":"ok","timestamp":1761115267437,"user_tz":300,"elapsed":44,"user":{"displayName":"Sergio Mora","userId":"02742930081149319249"}},"outputId":"5f010a27-4fa2-4236-a2d2-a64c484affe4"},"execution_count":33,"outputs":[{"output_type":"stream","name":"stdout","text":["¿Son PC1 y PC2 ortogonales (matemáticamente)? True\n"]}]},{"cell_type":"markdown","source":["### 2. Validación de Correlación (Datos Transformados) - CÁNCER"],"metadata":{"id":"Q6esDtSvpuop"}},{"cell_type":"markdown","source":["Transformamos los datos de cáncer (X_std_cancer)"],"metadata":{"id":"HercLglMp0P7"}},{"cell_type":"code","source":["Z_pca_cancer = X_std_cancer.dot(eigen_vectors_cancer)"],"metadata":{"id":"MJ4M4H9mp2vx","executionInfo":{"status":"ok","timestamp":1761115337997,"user_tz":300,"elapsed":41,"user":{"displayName":"Sergio Mora","userId":"02742930081149319249"}}},"execution_count":34,"outputs":[]},{"cell_type":"code","source":["# Creamos un DataFrame de pandas\n","pc_columns_cancer = [f'PC_{i+1}' for i in range(eigen_vectors_cancer.shape[1])]\n","pca_df_cancer = pd.DataFrame(Z_pca_cancer, columns=pc_columns_cancer)\n"],"metadata":{"id":"ahw5pmQ8p4gX"},"execution_count":null,"outputs":[]},{"cell_type":"code","source":["\n","# Calculamos la matriz de correlación\n","corr_matrix_cancer = pca_df_cancer.corr()"],"metadata":{"id":"cw7n5hBfp6Ay"},"execution_count":null,"outputs":[]},{"cell_type":"markdown","source":["Matriz de Correlación de los Componentes (primeros 5). Mostramos solo los primeros 5x5\n"],"metadata":{"id":"3MWxqckIp9Vz"}},{"cell_type":"code","source":["print(corr_matrix_cancer.iloc[:5, :5].to_string(float_format=\"%.2e\"))"],"metadata":{"colab":{"base_uri":"https://localhost:8080/"},"id":"BlflfDS4qFUa","executionInfo":{"status":"ok","timestamp":1761115397671,"user_tz":300,"elapsed":48,"user":{"displayName":"Sergio Mora","userId":"02742930081149319249"}},"outputId":"eb2e0ba2-212c-4425-d5f6-45688fa39eef"},"execution_count":35,"outputs":[{"output_type":"stream","name":"stdout","text":["          PC_1      PC_2      PC_3      PC_4     PC_5\n","PC_1  1.00e+00  4.25e-16 -3.69e-16 -2.64e-16 2.23e-16\n","PC_2  4.25e-16  1.00e+00  4.00e-17 -3.81e-17 6.29e-17\n","PC_3 -3.69e-16  4.00e-17  1.00e+00  4.07e-16 1.84e-16\n","PC_4 -2.64e-16 -3.81e-17  4.07e-16  1.00e+00 9.78e-16\n","PC_5  2.23e-16  6.29e-17  1.84e-16  9.78e-16 1.00e+00\n"]}]},{"cell_type":"markdown","source":["**Explicación (Correlación):**\n","\n","Nuevamente, la diagonal es 1 y los demás valores son prácticamente 0. Esto confirma que la descorrelación funciona igual de bien en un dataset real."],"metadata":{"id":"uR3uBNTIqBJ5"}},{"cell_type":"code","execution_count":35,"metadata":{"id":"o-RHM4TKcYFk","executionInfo":{"status":"ok","timestamp":1761115482373,"user_tz":300,"elapsed":7,"user":{"displayName":"Sergio Mora","userId":"02742930081149319249"}}},"outputs":[],"source":[]}]}